Before Training
6740.0, 3840.0, 3570.0, 4190.0, 3430.0, 2150.0, 4480.0, 4810.0, 6690.0, 3580.0, 4380.0, 4070.0, 3130.0, 1170.0, 6280.0, 3650.0, 6070.0, 2670.0, 6420.0, 4300.0,  Average: 4281.0, 
After Training
After Training
2610.0, 4790.0, 5220.0, 3890.0, 6260.0, 5800.0, 2820.0, 2600.0, 3350.0, 3000.0, 5580.0, 3480.0, 2720.0, 4690.0, 1950.0, 2620.0, 1680.0, 1690.0, 1730.0, 3360.0,  Average: 3492.0, 
After Training
After Training
2110.0, 3920.0, 4910.0, 3960.0, 6220.0, 4160.0, 6390.0, 2590.0, 4240.0, 2850.0, 4940.0, 3600.0, 4220.0, 1910.0, 5460.0, 4290.0, 4720.0, 4960.0, 6150.0, 4210.0,  Average: 4290.5, 
After Training
After Training
3320.0, 4720.0, 5340.0, 2150.0, 7450.0, 5720.0, 2610.0, 3700.0, 3280.0, 3800.0, 1250.0, 4330.0, 3080.0, 4640.0, 3230.0, 5200.0, 2370.0, 2090.0, 5720.0, 2980.0,  Average: 3849.0, 
After Training
After Training
5100.0, 5820.0, 2810.0, 2760.0, 5200.0, 2780.0, 5430.0, 3490.0, 2860.0, 3740.0, 6200.0, 4620.0, 4780.0, 1980.0, 2100.0, 6840.0, 3700.0, 4820.0, 6080.0, 4800.0,  Average: 4295.5, 
After Training
After Training
4360.0, 3770.0, 3460.0, 2050.0, 4390.0, 5130.0, 1360.0, 5240.0, 3410.0, 4480.0, 3880.0, 3990.0, 1660.0, 3750.0, 2110.0, 3570.0, 6720.0, 2570.0, 3070.0, 5040.0,  Average: 3700.5, 
After Training
After Training
2230.0, 4960.0, 3770.0, 870.0, 5500.0, 2290.0, 2530.0, 5500.0, 4650.0, 4880.0, 4810.0, 2130.0, 3040.0, 4450.0, 3380.0, 6540.0, 4950.0, 4850.0, 3000.0, 7350.0,  Average: 4084.0, 
After Training
After Training
3500.0, 2800.0, 4360.0, 3330.0, 7110.0, 4520.0, 5920.0, 5020.0, 5050.0, 3670.0, 4740.0, 4330.0, 7890.0, 4010.0, 3690.0, 3980.0, 6410.0, 2490.0, 5450.0, 3680.0,  Average: 4597.5, 
After Training
After Training
4130.0, 3300.0, 3480.0, 6620.0, 6190.0, 3230.0, 4040.0, 6860.0, 5560.0, 2260.0, 4730.0, 5310.0, 7040.0, 6670.0, 3430.0, 2390.0, 2710.0, 3450.0, 5830.0, 5780.0,  Average: 4650.5, 
After Training
After Training
4710.0, 6730.0, 5650.0, 4000.0, 4990.0, 2710.0, 3730.0, 3940.0, 2700.0, 5150.0, 5480.0, 5580.0, 5070.0, 5600.0, 3970.0, 6170.0, 5450.0, 3490.0, 4170.0, 6160.0,  Average: 4772.5, 
After Training
After Training
1880.0, 4620.0, 4200.0, 4060.0, 4080.0, 1750.0, 4070.0, 4390.0, 2060.0, 6680.0, 1870.0, 4250.0, 6330.0, 5640.0, 7060.0, 3070.0, 2610.0, 3100.0, 2240.0, 5090.0,  Average: 3952.5, 
After Training
After Training
4620.0, 6150.0, 3130.0, 3360.0, 5790.0, 3700.0, 3100.0, 1650.0, 3720.0, 1800.0, 5540.0, 2450.0, 6520.0, 3300.0, 5120.0, 2070.0, 4000.0, 6640.0, 4630.0, 3770.0,  Average: 4053.0, 
After Training
After Training
2970.0, 4250.0, 5820.0, 4870.0, 4540.0, 2520.0, 3790.0, 2190.0, 7020.0, 3290.0, 5230.0, 3150.0, 1960.0, 2750.0, 3890.0, 6130.0, 6150.0, 2700.0, 5250.0, 3710.0,  Average: 4109.0, 
After Training
After Training
2460.0, 2900.0, 6190.0, 5410.0, 