Before Training
385.0, 210.0, 285.0, 435.0, 520.0, 755.0, 500.0, 360.0, 515.0, 640.0, 545.0, 635.0, 515.0, 390.0, 580.0, 450.0, 440.0, 415.0, 770.0, 385.0,  Average: 486.5, 
After Training
After Training
305.0, 520.0, 395.0, 605.0, 495.0, 600.0, 810.0, 520.0, 540.0, 685.0, 360.0, 600.0, 510.0, 570.0, 840.0, 575.0, 510.0, 280.0, 360.0, 490.0,  Average: 528.5, 
After Training
After Training
630.0, 725.0, 390.0, 605.0, 345.0, 545.0, 325.0, 360.0, 685.0, 720.0, 470.0, 175.0, 445.0, 445.0, 315.0, 295.0, 385.0, 470.0, 385.0, 295.0,  Average: 450.5, 
After Training
After Training
495.0, 745.0, 410.0, 770.0, 375.0, 235.0, 610.0, 235.0, 800.0, 440.0, 365.0, 410.0, 410.0, 730.0, 780.0, 630.0, 450.0, 265.0, 395.0, 485.0,  Average: 501.75, 
After Training
After Training
270.0, 545.0, 775.0, 520.0, 800.0, 480.0, 570.0, 545.0, 490.0, 425.0, 510.0, 525.0, 360.0, 345.0, 410.0, 515.0, 165.0, 575.0, 480.0, 535.0,  Average: 492.0, 
After Training
After Training
785.0, 395.0, 330.0, 810.0, 385.0, 460.0, 435.0, 480.0, 465.0, 575.0, 600.0, 515.0, 495.0, 595.0, 540.0, 470.0, 670.0, 405.0, 450.0, 500.0,  Average: 518.0, 
After Training
After Training
450.0, 310.0, 275.0, 465.0, 475.0, 730.0, 415.0, 545.0, 600.0, 580.0, 470.0, 690.0, 360.0, 420.0, 545.0, 715.0, 470.0, 775.0, 600.0, 600.0,  Average: 524.5, 
After Training
After Training
580.0, 360.0, 485.0, 580.0, 515.0, 545.0, 385.0, 575.0, 450.0, 265.0, 450.0, 220.0, 575.0, 375.0, 360.0, 630.0, 425.0, 465.0, 355.0, 280.0,  Average: 443.75, 
After Training
After Training
575.0, 260.0, 470.0, 235.0, 485.0, 540.0, 585.0, 235.0, 425.0, 250.0, 425.0, 510.0, 490.0, 600.0, 415.0, 575.0, 490.0, 660.0, 555.0, 410.0,  Average: 459.5, 
After Training
After Training
370.0, 715.0, 415.0, 575.0, 490.0, 340.0, 500.0, 415.0, 280.0, 540.0, 540.0, 400.0, 490.0, 260.0, 690.0, 270.0, 300.0, 570.0, 600.0, 500.0,  Average: 463.0, 
After Training
After Training
415.0, 280.0, 380.0, 495.0, 305.0, 470.0, 380.0, 570.0, 415.0, 395.0, 545.0, 325.0, 570.0, 495.0, 455.0, 390.0, 305.0, 600.0, 775.0, 500.0,  Average: 453.25, 
After Training
After Training
290.0, 340.0, 490.0, 460.0, 440.0, 485.0, 580.0, 295.0, 545.0, 730.0, 525.0, 495.0, 455.0, 420.0, 455.0, 250.0, 600.0, 445.0, 275.0, 465.0,  Average: 452.0, 
After Training
After Training
600.0, 470.0, 455.0, 405.0, 465.0, 465.0, 930.0, 495.0, 725.0, 170.0, 470.0, 740.0, 430.0, 415.0, 500.0, 470.0, 360.0, 540.0, 635.0, 240.0,  Average: 499.0, 
After Training
After Training
435.0, 555.0, 510.0, 365.0, 500.0, 800.0, 510.0, 490.0, 245.0, 700.0, 660.0, 330.0, 375.0, 660.0, 430.0, 390.0, 585.0, 350.0, 215.0, 520.0,  Average: 481.25, 
After Training
After Training
435.0, 260.0, 460.0, 500.0, 780.0, 360.0, 525.0, 420.0, 340.0, 800.0, 370.0, 415.0, 200.0, 545.0, 235.0, 770.0, 525.0, 750.0, 300.0, 