[[[[ 0.0282524 ]]

  [[-0.09274649]]

  [[ 0.04392262]]

  ...

  [[ 0.07633357]]

  [[ 0.01531903]]

  [[-0.07625305]]]


 [[[-0.02478893]]

  [[ 0.02352007]]

  [[ 0.2136714 ]]

  ...

  [[ 0.1245323 ]]

  [[ 0.06978978]]

  [[ 0.14788972]]]


 [[[ 0.03265775]]

  [[ 0.08627024]]

  [[ 0.0057109 ]]

  ...

  [[ 0.12290604]]

  [[ 0.06501435]]

  [[-0.08518834]]]


 ...


 [[[-0.0123013 ]]

  [[ 0.05672937]]

  [[-0.05794173]]

  ...

  [[-0.04473557]]

  [[ 0.08010771]]

  [[ 0.1669686 ]]]


 [[[ 0.01426395]]

  [[ 0.04845103]]

  [[-0.13929039]]

  ...

  [[ 0.0218381 ]]

  [[-0.12257141]]

  [[ 0.07737625]]]


 [[[-0.15334713]]

  [[-0.13412881]]

  [[-0.10638743]]

  ...

  [[ 0.10685802]]

  [[-0.04903017]]

  [[-0.14758752]]]]

wow
[[[[ 0.0282524 ]]

  [[-0.09274649]]

  [[ 0.04392262]]

  ...

  [[ 0.07633357]]

  [[ 0.01531903]]

  [[-0.07625305]]]


 [[[-0.02478893]]

  [[ 0.02352007]]

  [[ 0.2136714 ]]

  ...

  [[ 0.1245323 ]]

  [[ 0.06978978]]

  [[ 0.14788972]]]


 [[[ 0.03265775]]

  [[ 0.08627024]]

  [[ 0.0057109 ]]

  ...

  [[ 0.12290604]]

  [[ 0.06501435]]

  [[-0.08518834]]]


 ...


 [[[-0.0123013 ]]

  [[ 0.05672937]]

  [[-0.05794173]]

  ...

  [[-0.04473557]]

  [[ 0.08010771]]

  [[ 0.1669686 ]]]


 [[[ 0.01426395]]

  [[ 0.04845103]]

  [[-0.13929039]]

  ...

  [[ 0.0218381 ]]

  [[-0.12257141]]

  [[ 0.07737625]]]


 [[[-0.15334713]]

  [[-0.13412881]]

  [[-0.10638743]]

  ...

  [[ 0.10685802]]

  [[-0.04903017]]

  [[-0.14758752]]]]
