Before Training
3480.0, 3080.0, 3880.0, 3390.0, 2080.0, 3780.0, 4190.0, 4240.0, 3890.0, 4420.0, 3490.0, 1880.0, 1480.0, 2840.0, 3730.0, 580.0, 2760.0, 3540.0, 2790.0, 3380.0,  Average: 3145.0, 
After Training
After Training
2680.0, 3890.0, 3880.0, 2360.0, 1640.0, 3400.0, 3380.0, 3340.0, 2140.0, 3860.0, 960.0, 3990.0, 3340.0, 2760.0, 2880.0, 3290.0, 3240.0, 3290.0, 3940.0, 2720.0,  Average: 3049.0, 
After Training
After Training
2740.0, 2780.0, 1980.0, 2840.0, 3880.0, 3190.0, 2690.0, 3500.0, 3680.0, 3280.0, 3680.0, 2160.0, 1720.0, 1880.0, 3580.0, 2740.0, 4930.0, 4090.0, 1280.0, 2160.0,  Average: 2939.0, 
After Training
After Training
2280.0, 3280.0, 3380.0, 2730.0, 3380.0, 2860.0, 1240.0, 4440.0, 2200.0, 3320.0, 4540.0, 3140.0, 4030.0, 2630.0, 2740.0, 3340.0, 3940.0, 1100.0, 3980.0, 3930.0,  Average: 3124.0, 
After Training
After Training
2680.0, 3290.0, 4980.0, 3980.0, 4040.0, 3340.0, 4780.0, 3040.0, 3330.0, 3890.0, 4990.0, 3320.0, 3100.0, 4380.0, 1480.0, 3380.0, 1760.0, 3040.0, 2820.0, 3200.0,  Average: 3441.0, 
After Training
After Training
3180.0, 2780.0, 2680.0, 3640.0, 2500.0, 5080.0, 4190.0, 3340.0, 2800.0, 2780.0, 3160.0, 3280.0, 3380.0, 2140.0, 4260.0, 1400.0, 1600.0, 3280.0, 2280.0, 600.0,  Average: 2917.5, 
After Training
After Training
4040.0, 5440.0, 2730.0, 3580.0, 3380.0, 2690.0, 3400.0, 2480.0, 3180.0, 4530.0, 2680.0, 2460.0, 3940.0, 1640.0, 4530.0, 4010.0, 4280.0, 3140.0, 3880.0, 4570.0,  Average: 3529.0, 
After Training
After Training
3830.0, 1120.0, 1160.0, 3380.0, 2840.0, 2320.0, 4040.0, 2680.0, 2780.0, 3920.0, 3640.0, 4530.0, 3120.0, 5090.0, 2980.0, 2080.0, 4140.0, 4380.0, 1900.0, 1740.0,  Average: 3083.5, 
After Training
After Training
2760.0, 3980.0, 2720.0, 3000.0, 3340.0, 3180.0, 3300.0, 2940.0, 1480.0, 2740.0, 3340.0, 3290.0, 2940.0, 2480.0, 3890.0, 4270.0, 1540.0, 3830.0, 2160.0, 2180.0,  Average: 2968.0, 
After Training
After Training
2480.0, 2780.0, 4380.0, 3660.0, 2990.0, 3340.0, 2580.0, 4040.0, 3400.0, 3040.0, 4740.0, 3360.0, 2720.0, 3680.0, 3340.0, 3740.0, 1780.0, 3360.0, 3880.0, 4140.0,  Average: 3371.5, 
After Training
After Training
540.0, 2680.0, 3400.0, 4530.0, 3360.0, 3240.0, 2200.0, 2680.0, 4440.0, 1960.0, 3880.0, 3420.0, 2780.0, 1560.0, 3290.0, 600.0, 2920.0, 3740.0, 2940.0, 2680.0,  Average: 2842.0, 
After Training
After Training
3880.0, 2740.0, 4430.0, 5180.0, 3290.0, 2180.0, 2940.0, 2740.0, 2580.0, 2280.0, 2880.0, 3940.0, 3930.0, 2760.0, 2780.0, 4930.0, 2740.0, 3840.0, 5040.0, 3840.0,  Average: 3446.0, 
After Training
After Training
2740.0, 4290.0, 5090.0, 3280.0, 3320.0, 2800.0, 2800.0, 2660.0, 4330.0, 2000.0, 3340.0, 1480.0, 2720.0, 2880.0, 2180.0, 3190.0, 3340.0, 4580.0, 3940.0, 3240.0,  Average: 3210.0, 
After Training
After Training
3500.0, 2740.0, 4100.0, 3300.0, 3320.0, 4340.0, 2740.0, 2720.0, 480.0, 3540.0, 3290.0, 2940.0, 3880.0, 2720.0, 1220.0, 2730.0, 3480.0, 3930.0, 780.0, 3830.0,  Average: 2979.0, 
After Training
After Training
4240.0, 1120.0, 3240.0, 2940.0, 2120.0, 2740.0, 3440.0, 3840.0, 3930.0, 3090.0, 4930.0, 2640.0, 2690.0, 2680.0, 2120.0, 4330.0, 3680.0, 3320.0, 4790.0, 3340.0,  Average: 3261.0, 
After Training
After Training
2380.0, 1360.0, 4520.0, 3920.0, 4880.0, 2700.0, 4430.0, 3980.0, 3060.0, 3240.0, 2730.0, 3340.0, 3240.0, 4380.0, 3330.0, 3860.0, 3580.0, 2940.0, 2880.0, 3400.0,  Average: 3407.5, 
After Training
After Training
2790.0, 3830.0, 2780.0, 3300.0, 1460.0, 3580.0, 2780.0, 3290.0, 4590.0, 2760.0, 3080.0, 3480.0, 3440.0, 3340.0, 3130.0, 2520.0, 1140.0, 2140.0, 3290.0, 3440.0,  Average: 3008.0, 
After Training
After Training
2690.0, 3430.0, 3880.0, 2280.0, 4530.0, 1680.0, 3640.0, 2260.0, 2060.0, 3320.0, 2320.0, 3940.0, 4480.0, 2220.0, 3060.0, 3000.0, 2920.0, 3990.0, 4430.0, 2840.0,  Average: 3148.5, 
After Training
After Training
3740.0, 3080.0, 3920.0, 440.0, 3880.0, 3480.0, 2720.0, 540.0, 2740.0, 3740.0, 3940.0, 2700.0, 460.0, 2730.0, 3880.0, 3840.0, 4490.0, 3690.0, 2860.0, 2780.0,  Average: 2982.5, 
After Training
After Training
3340.0, 3320.0, 1560.0, 2740.0, 3980.0, 2830.0, 2940.0, 4380.0, 2720.0, 4480.0, 2680.0, 3280.0, 2800.0, 3340.0, 3940.0, 2160.0, 2680.0, 3090.0, 2780.0, 2730.0,  Average: 3088.5, 
After Training
After Training
3900.0, 2880.0, 1520.0, 3330.0, 3390.0, 3920.0, 2020.0, 1740.0, 2690.0, 3280.0, 3890.0, 2840.0, 2940.0, 3240.0, 3340.0, 3040.0, 1420.0, 4710.0, 2740.0, 2940.0,  Average: 2988.5, 
After Training
After Training
5130.0, 2000.0, 2140.0, 3320.0, 2720.0, 2340.0, 2680.0, 1980.0, 3730.0, 1160.0, 3290.0, 3340.0, 3840.0, 2160.0, 3430.0, 3280.0, 2590.0, 1780.0, 3180.0, 2740.0,  Average: 2841.5, 
After Training
After Training
3360.0, 2720.0, 3340.0, 3480.0, 4030.0, 3340.0, 2960.0, 3890.0, 3340.0, 3090.0, 2140.0, 2080.0, 4830.0, 1420.0, 1380.0, 1540.0, 2720.0, 520.0, 2800.0, 3730.0,  Average: 2835.5, 
After Training
After Training
3590.0, 4340.0, 4960.0, 3320.0, 3290.0, 4390.0, 2740.0, 3990.0, 2120.0, 4080.0, 3460.0, 4330.0, 2200.0, 3290.0, 3080.0, 680.0, 1040.0, 2280.0, 4280.0, 3340.0,  Average: 3240.0, 
After Training
After Training
3980.0, 2080.0, 4780.0, 2780.0, 2760.0, 2180.0, 1960.0, 3300.0, 3500.0, 3800.0, 2720.0, 5560.0, 3940.0, 3990.0, 3780.0, 2160.0, 3380.0, 2040.0, 520.0, 3340.0,  Average: 3127.5, 
After Training
After Training
4480.0, 2380.0, 3560.0, 2140.0, 4240.0, 3780.0, 1940.0, 3680.0, 4580.0, 2140.0, 3790.0, 3540.0, 4680.0, 980.0, 3280.0, 2780.0, 2780.0, 4890.0, 3580.0, 3180.0,  Average: 3320.0, 
After Training
After Training
3320.0, 3360.0, 3380.0, 4110.0, 3900.0, 3280.0, 600.0, 3440.0, 4930.0, 2730.0, 3740.0, 3340.0, 2920.0, 2920.0, 3440.0, 4340.0, 2720.0, 3920.0, 2160.0, 3940.0,  Average: 3324.5, 
After Training
After Training
2140.0, 2540.0, 2780.0, 580.0, 3090.0, 540.0, 2160.0, 3800.0, 2520.0, 4420.0, 2780.0, 4040.0, 2480.0, 4540.0, 2080.0, 3300.0, 2940.0, 2680.0, 2140.0, 3400.0,  Average: 2747.5, 
After Training
After Training
2740.0, 3690.0, 2740.0, 4790.0, 2780.0, 2080.0, 3380.0, 2760.0, 3440.0, 4780.0, 3690.0, 1340.0, 1380.0, 2580.0, 2940.0, 860.0, 4240.0, 2140.0, 2740.0, 4540.0,  Average: 2981.5, 
After Training
After Training
2690.0, 3920.0, 2680.0, 3920.0, 2280.0, 3440.0, 580.0, 4330.0, 2730.0, 2720.0, 2460.0, 2780.0, 3630.0, 2740.0, 3980.0, 3420.0, 3480.0, 2720.0, 3480.0, 4840.0,  Average: 3141.0, 
After Training
After Training
3500.0, 2120.0, 2660.0, 3880.0, 4530.0, 1880.0, 3330.0, 2730.0, 3840.0, 520.0, 5440.0, 2740.0, 3290.0, 4280.0, 3280.0, 3660.0, 2880.0, 3380.0, 3880.0, 2940.0,  Average: 3238.0, 
After Training
After Training
4030.0, 3340.0, 2900.0, 2740.0, 2180.0, 2840.0, 3730.0, 3490.0, 1120.0, 4360.0, 3680.0, 3480.0, 3930.0, 2990.0, 3890.0, 3380.0, 3320.0, 3610.0, 3920.0, 3940.0,  Average: 3343.5, 
After Training
After Training
3340.0, 2140.0, 4580.0, 3990.0, 4280.0, 2140.0, 2740.0, 1040.0, 3860.0, 4080.0, 3440.0, 1100.0, 3280.0, 3880.0, 2740.0, 2160.0, 4290.0, 3290.0, 520.0, 4680.0,  Average: 3078.5, 
After Training
After Training
2100.0, 3440.0, 3590.0, 2760.0, 3730.0, 1180.0, 3960.0, 2680.0, 1560.0, 2740.0, 4090.0, 4150.0, 3780.0, 3890.0, 3380.0, 3300.0, 3940.0, 4940.0, 1540.0, 3320.0,  Average: 3203.5, 
After Training
After Training
4990.0, 3340.0, 4390.0, 2660.0, 3380.0, 2690.0, 3100.0, 3330.0, 3890.0, 4290.0, 3070.0, 2760.0, 1880.0, 4880.0, 3380.0, 3980.0, 3380.0, 4930.0, 1380.0, 3860.0,  Average: 3478.0, 
After Training
After Training
2820.0, 5040.0, 3930.0, 3320.0, 3040.0, 3280.0, 2980.0, 4690.0, 3380.0, 1060.0, 3790.0, 3940.0, 2540.0, 2690.0, 3080.0, 3480.0, 4380.0, 3890.0, 3890.0, 3980.0,  Average: 3460.0, 
After Training
After Training
2740.0, 2920.0, 3380.0, 4040.0, 3420.0, 4040.0, 3930.0, 3060.0, 1380.0, 3280.0, 2630.0, 4540.0, 3320.0, 2100.0, 3340.0, 3600.0, 3890.0, 4480.0, 3160.0, 3320.0,  Average: 3328.5, 
After Training
After Training
2800.0, 3260.0, 4380.0, 3580.0, 4030.0, 3300.0, 3180.0, 3930.0, 3100.0, 4180.0, 5200.0, 2740.0, 2380.0, 2980.0, 2680.0, 3230.0, 3340.0, 3390.0, 2740.0, 3390.0,  Average: 3390.5, 
After Training
After Training
4230.0, 3680.0, 3280.0, 3380.0, 3630.0, 2720.0, 3880.0, 3640.0, 3890.0, 4940.0, 860.0, 3930.0, 960.0, 3900.0, 3380.0, 4360.0, 2080.0, 5580.0, 3280.0, 3420.0,  Average: 3451.0, 
After Training
After Training
3840.0, 3880.0, 4280.0, 3740.0, 2320.0, 4610.0, 3340.0, 3580.0, 3340.0, 3580.0, 3890.0, 2080.0, 2920.0, 3290.0, 1120.0, 4380.0, 2960.0, 3730.0, 2280.0, 2800.0,  Average: 3298.0, 
After Training
After Training
4200.0, 2740.0, 3940.0, 580.0, 4080.0, 3340.0, 3790.0, 4020.0, 5090.0, 3280.0, 4990.0, 1780.0, 2160.0, 3300.0, 3380.0, 3930.0, 3280.0, 4380.0, 4030.0, 2980.0,  Average: 3463.5, 
After Training
After Training
3290.0, 2760.0, 2940.0, 580.0, 3880.0, 4920.0, 3060.0, 4940.0, 3680.0, 3980.0, 2340.0, 2780.0, 2680.0, 3720.0, 2840.0, 1680.0, 3340.0, 1940.0, 2780.0, 2740.0,  Average: 3043.5, 
After Training
